8600202 17337
1 1921 100
1921 1 100
1 1923 100
1923 1 100
1 6170 100
6170 1 100
2 162 100
162 2 100
2 193 100
193 2 100
2 226 100
226 2 100
2 228 100
228 2 100
2 230 100
230 2 100
2 356 100
356 2 100
2 653 100
653 2 100
2 877 100
877 2 100
2 981 100
981 2 100
2 983 100
983 2 100
2 1006 100
1006 2 100
2 1008 100
1008 2 100
2 1253 100
1253 2 100
2 1258 100
1258 2 100
2 1392 100
1392 2 100
2 1427 100
1427 2 100
2 1566 100
1566 2 100
2 1573 100
1573 2 100
2 1590 100
1590 2 100
2 1721 100
1721 2 100
2 1814 100
1814 2 100
2 2002 100
2002 2 100
2 2061 100
2061 2 100
2 2105 100
2105 2 100
2 2109 100
2109 2 100
2 2115 100
2115 2 100
2 2119 100
2119 2 100
2 2124 100
2124 2 100
2 2129 100
2129 2 100
2 2303 100
2303 2 100
2 2371 100
2371 2 100
2 2381 100
2381 2 100
2 2432 100
2432 2 100
2 2463 100
2463 2 100
2 2618 100
2618 2 100
2 2698 100
2698 2 100
2 2751 100
2751 2 100
2 2861 100
2861 2 100
2 2886 100
2886 2 100
2 3008 100
3008 2 100
2 3084 100
3084 2 100
2 3085 100
3085 2 100
2 3586 100
3586 2 100
2 3681 100
3681 2 100
2 3917 100
3917 2 100
2 4143 100
4143 2 100
2 4277 100
