9	123	135	136	369	370	561	563	969	1059	1542	1543	1624	1675	1676	1715	1856	2949	2955	3557	3558	3559	3920	3921	4229	5215	5259	5309	5600	6333	6752	6983	7262	8208	8262	8468	8954	9032	9486	9606	10004	10221	10574	11216	11694	12073
2693	2694	2703	4264	4265	4773	10840	12419	12859
173	297	2682	2683	2693	3920	3921	6483	6502	11893
1834	1835	1856	6607
162	561	2510	2511	4109	7818	7878
9	3038	3089	3193	3195	3990	3991	5352	5353	5354	7304	10221
1391	3013	4229	4320	5979	6413	7247
21	22	1902	3038	3042	3043	5220	9556	10050
32	371	721	734	735	3064	3216	3217	5567	6205	7253	9160	9655	9975	10754
2240	3971	3972	3974
251	286	291	2884	2885	3971	3974
1043	2376	3000	3020	3155	3227	3228	4845	4906	5268	5917	8744	8766	9073	9089	10080	10464	11656	11657	11874
2955	3805	4024	8702	11662
58	103	288	289	290	291	502	1039	1675	1676	2462	3690	3944	5028	6055	6365	9028	10661	11524	11878
250	251	2949	2951	2952	2984	3971	3972	3974	8541	10966
288	502	563	977	1368	1634	1638	3106	3304	3561	3949	4313	4317	4318	4319	5182	5905	6607	7247	7803	9056
66	168	228	893	1380	1400	1876	3073	3075	3177	3363	3365	3366	3558	9419	11451
2407	3975	4561
123	561	3804	5600	6333	10004
396	2508	2510	2511	2664	2693	2694	6605	6914	7878	8563	11596
4229	4320	5010	8189
4547
973	3956	6699	7376
290	952	2990	3000	3227	3866	3867	3868	3869	3987	4740	4906	5158	5159	5265	5268	9073	10080	12753
406	9135
1598	2760	3649	5097	5098	8267	9217
9	288	369	370	1281	1306	1485	1490	1542	1543	1597	1622	1623	1634	1636	1637	1638	1675	1676	1715	1725	1726	1727	1728	1729	1730	1732	1733	1734	1735	1736	1737	1738	1739	1740	1741	1745	1748	1751	1752	3106	3555	3944	3945	3946	3950	3951	4229	5182	6049	6217	7312	7376	7722	7803	8262	9056	9486	10504	10934	11216	11800	11801	11910	12073	12379
1326	1630	1635	1716	1717	1718	1719	1765	1766	1767	1768	1769	1770	1771	1772	1773	1774	1775	1776	1777	1830	2449	2585	2586	2587	5362	5549	7855	8166	8654	11856	12946	13252
614	1033	3376	4979	5793	6210	7397	9194	9246
123	135	136	356	1555	1624	1632	1633	1738	1740	1766	3920	3921	3969	4766	5379	6116	7262	7818	8326	10221	11560	11801	12557	13230
4547
5011
759	763	764	765	3968
369	370	5825	7223	8425	8454
1059	2155	4403	4567	6188
530	561	686	969	1622	1623	1675	1766	2583	5309	10419	10745
7740
4547
3499	3500
291	2883	2884	2885	2984	7322	7326	7327
4228	10574	10687
25	80	81	83	139	140	141	142	143	144	145	150	173	320	387	405	406	686	727	1013	1019	1060	1061	1088	1090	1093	1100	1101	1239	1636	1637	1684	1765	1829	1831	1833	1909	1913	1914	1986	1987	1988	1989	1990	1991	2047	2048	2049	2152	2153	2377	2378	2543	2544	2548	2549	2631	2682	2686	2687	2688	2781	2782	2783	2784	2785	2786	2787	2788	2790	2791	2792	2793	2794	2795	2796	2797	2798	2799	2800	2801	2802	2803	2804	2805	2806	2807	2808	2809	2810	2811	2812	2813	2814	2878	2958	3087	3088	3089	3562	3639	3808	4056	4469	4507	4740	4747	5055	5066	5198	5635	6049	6483	6522	6684	7299	7639	7680	8019	8132	8200	8435	8471	9441	9543	11571	11953	12949	13150	13279	13309	13311	13313
1381	1382	1707	2407	3300	3301	3499	3500	3975	4561
8	9	123	1715	3948	5259	5309	7247	9742	10221	11216	12557
369	3043	4536
139	3631	3633	3639	3687	5198	5420	6541	8223	9838
153	1031	3327	3328	3376	3377	5199	7305	12722	12809
320	561	5011	9606	12073
5220	6623	8497
26	369	370	2032	9289
4561	10774
4547
393	1094	1356	1362	1364	1365	1597	2878	3415	3418	5201	10305
10	16	18	53	54	57	66	100	101	132	151	167	184	198	241	287	288	291	808	1380	3143	3363	4177	5057	5219	5669	5983	6064	6568	6939	9419	10250
1306	3000	3308	3309	3310	3416	5265	5493	6011	6259	6752	7531	8019	8471	10080	10271
22	38	228	2677	4115	9375
288	2766	3949	6607	10495	10661
1909
3967
120
1053
153
1743
1524	5637
3966	3994
566
747	748	749	750	752	753	11398
740	743
450	1527	1528	1529	1530	1531	1532	1533	1534	1535	1536	1537	1538	1539	1540	1541	12520
97
3456	3457	3460	3473	3474
1527	1528	1529	1530	1531	1532	1533	1534
1059
2498	2499	3965	3966	3967
3824
743	2024	2968	2969	2971	3965	3967	11398	11800
97	98
1283	1329	1330	1382	3014	3301
707	2830
2693	2694	2703	4264	4773	10840	12419	12859
86	87	3073	3777
740	741	743	11398
3078	3079	5063
2259	13382
1090
3994
10196
740
3610	3611	3612	3773	3774	3775
92	93
3648
3983
3967
2017	2018	2019	2020	2021	2023	2028
94	95	96	2260
4392
740
97
2260	2269	4177
1743
3965
1855	1909	2202
323	1527	1725	2241	2275	7747	13313
488
450	1527	1528	1529	1530	1531	1532	1533	1534	1535	1536	1537	1538	1539	1540	1541	12520
482	483	3983
153	757	3500
3965
3070
749	1527	1528	1529	1530	1531	1726	1733	11398
1743
749	1527	1528	1529	1530	1531	1726	1733	11398
2897	3260	3264	3265	3765	3766	8103	8643	9512
3824	3826
153	757	2102	3301	3499	3500
740	3966
92	93	94	95	96	740	741	743	744	745	1153	1154	1155	1156	1157	2017	2018	2019	2020	2022	2024	2025	2027	2028
2017	2022	2023	2024	2028
94	95	96	1153	1154	1155	1156	1157	2017	2018	2019	2022	2023	2024	2028
1024
3818	3824
1743
1327	1328	1330
1024	2280
3070
1765
97	98
923	1094	10305
94	95	96	1153	1154	1155	1156	1157	2017	2018	2019	2022	2023	2024
1327
490	491	494	496	498	5240	5437
1981
482	483	1527	1732	3818
120
2259	4392
86	87	3070	3072	3073	5063	13349
1356
4329	4330
740	741	743	2253	2254	3824
1234	3824	3826	3827
1414
175	1522	3923	5264
3965	3966	3967
1327
3495
187	1743
3965	3967
2396	2397
95	1527
4468
1327	3142
2968	2969	2971
3827
3492	3827
91	92	93
3218
1327	3142
749	1527	1528	1529	1530	1531	1726	1733	11398
3773	3774	3775
490	496	497	2259	2269	2273	11428
10783
3983
482	483
749	1527	1528	1529	1530	1531	1726	1733	11398
9	26	5753
2017	2018	2019	2021
3499	3500
1234
2968	2969	2971
94	2018	2019	2023
91	93	94	740	741	743	744	745	2017	2022	2241	2253	2254	2282	2930	2931	2968	2969	3965	3967
4468
852
1743
2907
2968	2969	2971
1630	3200	3301	3499	3500
3365
740	741	743
2968	2971	11800
92	93	94	95	96	740	741	743	744	745	1153	1154	1155	1156	1157	2017	2018	2019	2020	2022	2024	2025	2027	2028
97
1448	1495
740	741	743	744	745
743	2259
3965	3967
91	92	93
5241
1970
1527	1528	1529	1530	1531	1532	1533	1534	1535	1536	1537	1538	1539	1540	1541	12520
2260	3499
1743	3142
1153
740
2275
1016	1020
87	1837
2885	3013	4320	4403
13196
92	93	94	95	96	740	741	743	744	745	1153	1154	1155	1156	2017	2018	2019	2020	2022	2024	2025	2027	2028	8121	9953
1229	1422	1423	1426	1440
740
240	1327	3142	4103
91	92	93	94	95	96	97	98	99	3013
94	2017	2022	2024	2025	2969
1527	1528	1529	1530	1531
1153	1154	1156
97	98
3300	3497	10196
740	741	743	744	745
2025
3142
126	3824
4392
489	490	491	494	496	497	498	9358
32	371
740	741	743
3828	3829	3830	3831
4392
740	741	743	744
91	92	93
4409
302
1154	1155
740	741	11800
126	490	491	493	494	497	498	499	500	2614
1743
1019	1327	2614	3142
93	94	97	1153
433	1475	1477	2285	2300	3086	3593
1414	5555
490	491	494	496	498
450	1527	1528	1529	1531
565
450	1527	1528	1529	1530	1531	1532	1533	1534	1535	1536	1537	1538	1539	1540	1541	12520
293	1846
1153	1154	2022	2024
1154	1155	1156	2022	6139
740	741	747
1382	3301
94	95	96	1153	1154	1155	1156	1157	2017	2018	2019	2022	2023	2024
2260
747
749	1527	1528	1529	1530	1531	1726	1733	11398
4506
91	92	93	740	741	743	744	745	1153	1154	1156	2022	2024
240	2614
3965	3966	3967
740	741	743	744
1527	1528	1529
3492
1532	1632	1633	4766
4468
1154
740	741	743	2022	2024
1794
482	483	2275	3985
4591
1909
1090	4468
3765	4468	8559
1743
4392
723	4392
1029
93	94	98	371
93	1154
4329	4330
4725
1737	1738	1739	1740	1741	2969
91	92	93	2259	11428
91	93	740	741	743	744	745	2022	2253	2254	3965	3967
3610	3611	3612	3631	3773	3774	3775
3499	3500
740	741	743
749	1527	1528	1529	1530	1531	1726	1733	11398
3415	3418
3499	3500
1527	1540	1632	4766
4392
1682	2280
3499	3500
819	820
153
2022	3967
3824	3827
1527
1527	1528	1529	1530	1531	1532	1533	1534	1535	1536	1537	1538	1539	1540	1541	12520
3965	3966	3967
92	93	1153	1154	2017	2022
657	3500	5024
1327	1328
3097	3500
32	741	747
94	95	96
819	820
4392
97	98	2259
1154	2017
5264
1053
852
740	741	743	744	745
2968	2969	2971
10305
126	240
3499	3500
1981
1153	1154	1155	1739	2022
2971
740	741	743
1327	3142
740	741	1153	1154	2023
4329	4330	4409
9
302
2426	3206	3218
747	3967	6139	11800
740	741	743
4721	6202
1053
97	98
1971
3610	3611	3612	3773	3774	3775
3985
508	3824	3827
1234
3824
1267	3500
3983	4740
2644
140	1105	3690
4392
1327
91	93	740	741	743	744	745	2017	2022	3965	3967
4453	13196
1053
93	94	740	1153	1154	1527	3965	3967
4468
32
1527	1528	1529	1531	1532	1533	1534	1535	1536	1537	1538	1539	1540	1541	12520
1743
4105	4469
4409
2624
60
3499	3500
3820
1211	1212
2274	8352
482	483	486	487	3985
1090
3824
747
490	491	493	494	1154	5239	5240	5241
293
2234	3143	4721	8268	8269	13196	13362
97	98	99	2017	2018
740	741	743	744	745
3499	3500
2023	2024	3967
94	95	96
3965	3966	3967
3500
1024
501	886	887	892	4002	4003	8764	11888
1053
1981
3499	3500
1743	2614	3142	3201
94	95	96	1153	1154	1155	1156	1157	2017	2018	2019	2022	2023	2024
91	92	93	2259	11428
1743
1534
5241
17	30	31	3207	3828	3829	3830	3831	3977
1743
92	93	97	98
749	1370	1527	1528	1529	1530	1531	1726	1733	11398
4469
1534	4766
1327	3142
2022	2025	2026	2259
150	3300	3499	3500	13370
310	482	483
1768	4373	8642
93
2968	2969	2971
97	98
1923
2008	4414
1053	2615
5239
16	495	928	2300	2930	3085	3086
1743
240
91	92	93	490	491	496	498	508	740	741	743	744	745	3068	3082
508	1153	1154
240
1	2044
7270
450	1527	1528	1529	1530	1531	1532	1533	1534	1535	1536	1537	1538	1539	1540	1541	12520
94
331	1414	3514	3526	3537
3260	3765
94
1743
3299
2259
86	87	13349
1909	2207
297	1090	1556	4468
4721	6202
1668	11728
3827
2968	2969	2971
1017	1415
4468
86	87	3072	3073	3074	3075
2969	2971	6139
490	494	496	497	498
3495
1327
93	94	2017	2022	2024	3967
747
1745	1746	1747	1749	11800
488	489	490	491	493	494	497	498	499	500	2259	2269	3824	3967	5239	5241
1743
240
1668	11728
1981	6775	9953
91	92	93	94	95	97	98	3013
2017	2018	2019	2021
740
4177
4203
32	746	747	748	749	750	751	752	753	754	755	756	11398
1327	1328
32	371
120
92	93	1153	1154	2022	2259
3824
10305
1527	1528	1529	1530	1531	1532	1533	1534	1535	1536	1537	1538	1539	1540	1541	12520
4392
1425	1426	1428
1743	2614
2152	2153
1527	1528	1529	1530	1531	1532	1533	1534	1535	1536	1537	1538	1539	1540	1541	12520
1053	9946
93	94
2653	3143	4392	4393
3983
91	92	93	94	95	1154	2018	2019	2022	3965
94	95	96	6743
93
2614
482	483
2968	2969	2971	6139
91	92	93
2379	13353
2968	2969	2971
1414
153	3499
3499	3500
94	95	96	1153	1154	1155	1156	1157	2017	2018	2019	2022	2023	2024	8121
740	741	743	744	745	2022	3965	3967
1491	2008	3491
3142
184	185	186
747	2025	3827	3966	11800
1053	9946
92	93
8336	8356
740	741	743	744	745
92	93	95	1153	1154	2017	2022	3965	3966	3967
2907
741	747	2025
743
3301	4177	6122
747
32
92	93	94	95	96	1153	1154	1155	1156	2017	2019	2022	2024
4101
1132
3824	7376
187	1743
153
92	3966
740	741	743	744	745	3923
3499	3500	3773
3824
93	94	1981	2022	2028
2498	2499
323	508	1527	1725	2241	7747
3824
124	139	3612	3774	3775	5198
1636	3869
2025
10196
3413
3983	3984	3986	5936	9725
4391
4409
1743
4320
740	741	743	744	745
3780	3782	3792	3793	3794
1743
3492	3493
740
371
4392
302	482	483	486	487	2275	3983
2194	2208
3824
91	92	93	740	741	743	744	745	1153	1154	1156	2022	2024
3143
9	1543	1715	2498	2499	5052	11216
740
1327	1328	5199
3499	3500
2616	2617	2618	2619	2620	2621	2622	2623	2624	2625	2626	2627	2628	2629	2630	4966	5463	6536	9501	10115	10367
3499	3500
3134
1053
749	1527	1528	1529	1530	1531	1726	1733	11398
28	153	757	2102	3301	3499	3500	7376
120
93	94
2432
3610	3611	3612	3774
94	95	96	1153	1157
1527	1528	1529	1531	1532	1533	1534	1535	1536	1537	1538	1539	1540	1541	12520
2971
740	741
32	740	1153	1154	2022	2023	2024	2498	3967
86	87	2926	3072	3073	5063
3827
2255	2281
740	741	743	744
740	747
84	2152	3094	6939
3499	3500
2968	2969	2971
3499	3500
98
1533	1534	3820	3822
233	482	483
5063	8144
3499	3500
140	1043
1327	3142
3072	3073	13349
2969
450	1527	1528	1529	1531	1532	1533	1534	1535	1536	1537	1538	1539	1540	1541	12520
3965	3966
93	508	1154	3784	4381	8121
1743	3142
740	741	743	744	745
488	508	2968	2969	2971	3281
1524	1527
1743
2260
97	98
1527	1528	1529	1530	1531	1532	1533	1534	1535	1536	1537	1538	1539	1540	1541	12520
32	2022
2968	2969	2971
1743
2913	4128
160	748
749	1527	1528	1529	1530	1531	1726	1733	11398
508	1153	1154
3134	7373
93	94	97	98	3965	3966	3967
134
4101
240
1743
3499	3500
3078	3079	5063
1981
1448
93	94	3966	3994
97	98	2017
98
3824
482	483
3499	3500
98
349	351
1743
93	740	1153	1154	2022
120
482	483	3985
1053
1327
2907
1414
715	3983	3984	3986	9725
2025
1327
3827
1020
1402	1404
1743
450	1527	1528	1529	1530	1531	1532	1533	1534	1535	1536	1537	1538	1539	1540	1541	12520
80	1527	1632	11800
2968	2969	2971
98
302	3983
2017	2018	2025	2026	2971
3492	3494	3495
3964
740	741	3824	3827	3965	3966	3967
2259	2273	3824
482	483	484	485	486	487	2498	2499	3818	3819	3820	3821	3822	3823	3824	3826	5239	5240	5241	9359
4547
3301	4177
2971
2266	3363
1154	11800
3492	3493	3494
2018	2019
3072	3073	3074	3075	3080	3134	5040
2968	2969	2971
2266	2269	3070	4381
2022
93	94	95	96	98	508
3610	3611	3612	3773	3774	3775
1981
1131
3493	3494
1154	2022
93	740	741	743	744	745	3965
93	94
1060	3499	3500
3965	3966
98
153	3499	3500
740	1981
371
740
32	371
1060	3499	3500
10305
1327
1738	1739	11800
2017	2018	2019	2021
2018	2019	2021
2968	2971
1327	3142
1743
97	98	99	2017	2018
3827
450	1527
3499	3500
93	94
120	3301
94
2025
183	4050	7999
60	3072	5063	6506
1327	5199
4392
740
2690	2691
32
3610
98
240
740
3261
1043	1153	1154	1155	1156	1157	3966
32	371
1020
3499	3500
13353
1972
86	489	496	5437
4392
2018	2019
482	483	486	487	2275	3985
97	98
3827
2275	3795
3765
1020
1024
2124	3499	3500
32
1017
543
1743
153	3301	3499	3500
10	715	2260	2264	2269	4177	5057	5983
153	531	533	2104	2621	4548	8650
94
741
1794
302	482	483	3983
393	1597
490	491	494	496	498	508	2614	3068	3082	4374	4381	5240	5437
2152	2153
1425	2112	3792	3793
323	1527	1725	2241	7747	13313
120	2234
4391
482
2653	5492	5507	7417	9405
1972
1392
1131	3824
740	741	743	744	745
2498	2499
1153	1154	1157
3299
1438	2848	3500	4373
1738	1739	2025	11398	11800
775
1743	4021
93	94	2017
3499	3500
490	491	494	496	498	5240	5437
3837	3920	4469
3824
371
4392
740	741	743
1153	1154
97	98	99	3180	3181	3392	4960
508	510	1327	2644	2690	2691	2878	3705	4847
3301	4177
450	1527	1528	1529	1530	1531	1532	1533	1534	1535	1536	1537	1538	1539	1540	1541	12520
93	508	740	741	743	744	745	1154	2022
4547
1050	3260	3765
886	887
126	1144	1909
331	3537
2022	2023	2024	2026
9	1524
2968	2971
1392	3252	4967
740	741	743
3827
2329	2878
3072	3073	3074	3075	3206	3492	3497
3994
748	753
4101
302
80	1090	1448	1452	3014	3426	5055	6011	13287
2692	4050	4913
1909
126	153	1091
1909
1131
508	1154	1155	2259
4468
97	98	99
3201	3213	4892
3966	3967
3965	3966	3967
7355
1527
1327	1328	1986
2259	2275	2276	2277	2278	2279	2280	2884	2885	11428
3073	6506
3965	3966	3967
490	491	494	496	498	508	2241	5240
1091
97	2259	5240	5437
302	482	2269	2275	3985
4177	4548
3818
32
1356
2260	4177
1597
4103
1024
240
1743
1090
3301
331	3511
2614
741	747
93	97	98	1609	2259	2804	2905	4541	4548
4392
808	2653
91	92	93	94	95	96	740	741	743	744	745	1154	1981	2017	2022	2023	2024	3965	3967
160	3094
482	483
3966
740	741
92	93	94	2017	2022	2024	3965	3966	3967
93	97	98	740	741	743	744	745	2022	3965	3967	4022
1527	2266	2269
748	3965	3966
1090
302
323	1527	1738	2262	2265	2274	2275	2280	3681	7747	8352	8657	11800	11801	13313
3495	3497
2025	3827	3966	11800
91	92	93	2259	11428
4392
3070
1024
132	374	2102	2234	3392	4466	13370
3965
2498
1737	1741	3827	3965	11800	11801
749	1527	1528	1529	1530	1531	1725	1726	1733	11398
93	740	3965	3966	3967
4150
4392
450
4392	4453	13196
1053
2259	3143	3824
893	1327	2968	2969	2971
1154	1155
240	1327	1743	3411
91	92	93	94	95	96	1153	1154	1155	1156	1157	2017	2018	2019	2022	2023	2024
323	1527	1725	2241	7747	13313
2024	3967
2968	2971
97	98
482	483
3822	3824
1327	1328	2500	2502
1053	2617	2621
450	1527	1528	1529	1531
32	747	2025
91	92	93	94	95	96	1153	1154	1155	1156	1157	2017	2018	2019	2022	2023	2024	2028
489	5872
97	98
4392
1527	1528	1529	1531
10803
4241	4242
4392
2969	2971
97	98
80	544
97	98
1527	1528	1529	1531	1532	1533	1534	1535	1536	1537	1538	1539	1540	1541	12520
4103	4105
1020
2259
3777
5199
1154	4203	11800
1743
86	3070
91	92	93	94	95	96	740	741	743	744	745	1153	1154	1155	1156	1157	2017	2018	2019	2020	2022	2024	2025	2027	2028
293	1365
741	743	747
748	753	2971
3824
375	10783
740	741	743
740	1154	2026
124	187	1743	2884
1153	1154	1155	1156	1157
323	1527	1725	2241	7747	13313
92	93	94	95	96	740	741	743	744	745	1153	1154	1155	1156	1157	2017	2018	2019	2020	2022	2024	2025	2027	2028
740	741	743	744	745	1153	1154	1155	2022	2023	2024
3497	10196
3299
1775	2022	2023	2024	3965	3967
302	488	508	2281	3068	3082	4381	5240	5437
32	747
2498	2499
375	10783
2266	4177
3301	4177
93
16	18	1244	1515	2300	2371	3086	4102	4145	4602
92	3966
3648
1234	1310
1743
1144
1131
1024
92	93	94	95	96	1153	1154	1155	1156	2017	2019	2022	2024
928	1474	1475	1477	2285	2300	3085	3086
748	749	11398
98
3000	5052
3260
2992
3499	3500
93	94	1153	1527	2022
97	98	99
2266	4177
97	98
3499	3500
93	97	98
2070	2621	2849	4373
97
86	87	3070	3072
3824
3985
482	3983	3984	3985
3282	6122
747
741	747
741	743	747
741	743	747
747
120
120
1053
120	121
749	1527	1528	1529	1530	1531	1726	1733	11398
749	1527	1528	1529	1530	1531	1726	1733	11398
749	1527	1528	1529	1530	1531	1726	1733	11398
749	1527	1528	1529	1530	1531	1726	1733	11398
749	1527	1528	1529	1530	1531	1726	1733	11398
1727	1762	2150	2151	2163
1327
97	98
32	93	3965	3994
93
98
375	2499
302	4288
4381	4544	4545	4546
302
1743
2260	4177
1743
490	491	493	494	497	498	499	500	5239	5240	5241
94	95	96	1154	1155	2017	2018	2019	2022	2024
3299	3300	3301
10783	13196
240	2614	3142
302
3499	3500
32
91	92	93	94	95	96	740	741	743	744	745	1153	1154	1155	1156	1157	2022	2024
240	1327	1668	3142	3837	11728
97	98	99	2860	4373
98
740	741	743
1743
2116	2697	2848	3692	4373
86	87	3073
10305
3499	3500
240
7070
1154
3070	3073	4373
508	3824
302
1327	3142
2971
3499	3500
4547
1527
3818
2968	2969	2971
1532
2022	2498	2499	3965	3966	3967	3994
2968	2971
2968	2969	2971
2022	2023	2024	3965	3966	3967	3994
3966
2971
93	94	2498	2499	3966	3967	3994
240
749	1527	1528	1529	1530	1531	1726	1733	11398
2022	2027	6139
749	1527	1528	1529	1530	1531	1726	1733	11398
2968	2969	2970	2971	3281	6079
1738	1739	1740	1741	11398	11800	11801
2968	2969	2971
1988	5055
240
450	1528	1529	1530	1531
2968	2969	2971	6079
1154	11800
1527	1528	1529	1530	1531	1532	1533	1534	1535	1536	1537	1538	1539	1540	1541	12520
1527	1528	1529	1531	1532	1533	1534	1535	1536	1537	1538	1539	1540	1541	12520
240
2968	2969	2971	3281	6079
1527	1528	1529	1531	1532	1533	1534	1535	1536	1537	1538	1539	1540	1541	12520
2968	2969	2971
92	93	3965	3966	3994
94	95	96	2498	2499	3965	3966	3967	3994
92	93	3965
97	98
4329	4330
1061
450	1527	1532	1535	1536	1537
1527	1528	1529	1531	1532	1533	1534	1535	1536	1537	1538	1539	1540	1541	12520
1527	1528	1529	1531	1532	1534	1535	1536	1537	1538	1539	1540	1541	12520
740	741	743	744	745
1527	1528	1529	1531	1532	1533	1534	1535	1536	1537	1538	1539	1540	1541	12520
1527	1528	1529	1530	1531	1532	1533	1534	1535	1536	1537	1538	1539	1540	1541	3818	12520
1141
10
3499	3500
92	94	1153
8336	8642
2907
2907	2908
92	93	1153	1154	2017	2022
2017
740	1154	2017	2022
1153	1154	2017	2022
92	93	1153	1154	2017	2022
1153	1154	2022
93	94	1153	1154	1157	2022
743	744
2498	2499
3500
2617
2373	7890
228	1972	8903
3071
4468	13240
1765
1327	1328	1384	4392	5058	6291
3681
3073
7909	13342
206
2615
438	4191	6151
978
1726
3426
6262
2897
482
2373
7749
1383	2549
4102
3132
3356
4591
2884	2885
150
4343
2153
335	1069	7770	8654	9264
13287
3558
5055
9
297
978
3426
1988	4170	4172
2518
80
1448
130	131
1448
3426
36	2045	2046
3681
4568
3195
3511
184
3426
3377
3308
3426
482
3940
1132	1923	1983	3052	6070	7818	8504	10778	11852
3177
6923
925
1383
7299
12737
1356	3184	5010
1356	3426
648	670	918	3356	3511	6801
3426
1762
2164
7
4605
3396	3399	4448	5576
482
1414	2050
3372
3072	3073	3074	3075
1762
273
32	3426	3427
925
1848	3653
5107
2450
3690	3691	4150	4168	4170	4172	5911	7841
2520	13090
1280	3049
3511
2883	2885
3559
2518
2386
2371
4567
1383
2885
1771	1775
2884
3426
3499
1368
8434
3690
3559
1252	3648
13206
278
985
6553
1547
132	445	7762	9837
249	4319	5134
4102
42	140	176	227	244	670	892	969	970	1200	1279	1349	1452	1547	1619	1862	1991	2371	2462	2884	2885	3049	3075	3428	4076	4115	4150	4191	4468	4818	5134	5542	6453	6716	7233	7238	7749	7909	8022	8663	10517	11715	13186	13351
176
5107
13090
2523	4453	4721	6198	6201	6202	8589	10783	11238	11690	13196
3426
2618
2593
1144
670
5923
2076	3299
153	3499	5199
4102
7855
1425
2925	9503
3207	3426
80	81	83	125	139	140	141	144	278	405	965	1075	1092	1093	1101	1547	1636	1637	1765	1829	1833	1988	1991	2153	2377	2378	2543	2549	3562	4056	5198	6174	6522	7233	7680	8434	10195	13150	13279
4102
29	1767	1775	13226
162	2955
3367
175
2373
1094
32
12515
1737
3097
3426
3367
3774
482	965	1425	1913	2883	3690	5017	5444	6110	11386
1327	3511
10517
1116	3097
4102
925
2621
1762
1448
925
3073	3075
3200	6774
12515
3073	3075
7909	13342
3690
1848	2300	4102
978
482
3438
924
3071
297	1105	1803	1876	4319	5063
3427
3207
2520
250
925
4350
3704
29	892	924	1044	1580	1909	5194	6306
2618	2625
2883	2884	2885
3156
12515
1144
150	1686	1879	3559
3049
670	937	1762	2219	2371	3097	3177	3179	3386	4190	4609	5441
2984
3511
2440
10140
150
150
2883	2885
4451
1302
1053
2495
3349
6306
2883	2884	2885
3426
6515
3499
2885
2625
641	670	673	1762	5195
2949
5055
1726
1436	1438
1219	7233	7235	13279
2441	2615
3426
3920
134
482
2625
3511
406	1913	2518
1686	3134
2883	2885
1515	3129	6011
123
3200
3426
8577
3426
482
3558
2618
568	670
1686
2499
60
4514
3690	3691	3692
150
4414
1090
852
4330
980
11878
3499	8650
3426
1252
140
641	670	673	3392
2624
1837	1838
80
150
984
2885
370	563
2883
3188
980
2569	3401
1765	4276	6553
3367
1365
2677
707
1876
8663
1771
32
3318
12737
4037	4102
5518
2875
1988
1135
1356	3207	3426
925
1349	1547	4076
670
3499
3865
7680
2884	2885
2955
1743	1975	3199
2499
177	1972	2875	3134	3298	8434	10517
6515
981	2583
175	176
482
482
2897
32
2897
2884	2885
227
1556
134
5107
80
2462
114	6515
3612
3511
134
1639
1091
1425	1868	5911
240	3499	3500	5055
286
3426
5518
134
925
8663
2677
2677
1501
3426
3426
482
3648
670
2244
4547
1147
3428
297	1972
6605
1448
384	3069	3372
2495
3558	3559
3839
1988
40	125	1575	1639	3200	3427	3690	4373	4744	4821	5116	5652	8272	9102
2620
969
1987
2885
4102
396
1147	4466	6049
1368
1252	1253
32
518	2875
1726
3559
2618
1356
925	2441
3839
3426
2682
2008
983
3690
3426
2618
457
1443
3179
2376
1575	2897
7356
174	175	176	948	1577	1879	2069	2385	2518	3499	3558	3559	3900	4025	4938	5948	8595	12945	13221
250
150	6174	13118
8181
3399
1280
2897
2897
3121
1094
2518
3207
1094
2378
12515
32
3007
568	670
4482
3308
3511
6774
2008	2009
184
1090
482
4514
4102
3426
3511
1448	1449	1451
3367
4393
5948
3559
3199	3200
2618
233	792	2262	2595	3252	3681
4343
4967
1771	1772
391
2884
3426
3426	3427
1370
3612
3570
1913
2376	3559
60
3207
13279
240
482
80
675	3367	3368	3386	3392	3681	3791	3803	4155
438	2377
9423
1767
763
1438
2495
873	2864	3718	3719	3722	3732	5486	8232	12125	12788	12808	13227	13251	13322
191
89
250
3200
3317	3327	3329	3331	3338
1006
1414
2499
1306
147	148
148	3121
150
3559
3207	3426
384	3372	3375
2518
2884
482
670
2884
3428
5924
1854	1855	5189	5952	9406
1640
1686
2008
3207
1414	5555
1765
2108
563	899
2615
2615
1090
3013
1201
9406
2897
2875
524
3690
32	4414	7233
3129
2108
1090
1234
3428
67	69	1651
2885
1050
2615
3020
482
670
3559
2875
482
3367
3875	3877
1091	3254
1327	3511
60
3511
42	1763
3511
652
3977
212
1094	1775
1327
370
924	4089
349	350	351
6605
2076	2499
2883	2884
2518
670
892	8764
3511
873
3177	3179
80	707	859	860	862	863	864	866	867	868	1330	1374	1417	2678	2679	3199	5508	13312
3073
5314
3511
3426
4938
2518
32
3075
13221
482
1306
980
371	732	3499	3681	7751	7890
250
89
1374
2883	2884	2885	3013
1598
2618	2625
89	438	2377	7233
3207
2878	3499	3500	12737
2373
150
3690
1327
13342
3559
3559
80
1356
1279	3193	3195	13287
2883
2593
176
2990
670	672	3392	4115	13370
275
2450	2548	2549	3195	4288
355	1883	7895	7897
3612
2495	6774
3426
6716
10437
2008	2009
2466
80
2462
4443
4102
2134
3426
4356	7368
42	301	2462	8439
3499
244
1400
12916
1414
1676
3511
4170
3199
2897
3920
3648
3690
371
3426
1862
1726
1829
2949
80
2955	3920
32
3511
60
8272
568	670
150
3139
2520
1035
2008
3559
191
1400
1970
1733
2092	4172	8265
980
2897
22
3318
482
482
508
985	987
80
2546
925
3426
3611
134
2875
1448
175
4515
6605
482
1765
670
2078	2466
240	1988
4150
4102
24	1049	1201
2885
568	670
9406
3075
1090
3983
191
3121	3250
7
240
2677
4414
3200
3199
2499
4901
1767
41	176	226	293	353	371	395	456	585	707	716	732	931	970	981	1121	1144	1145	1227	1402	1422	1619	1678	1804	1814	1846	2069	2077	2078	2091	2092	2119	2134	2373	2376	2379	2384	2450	2462	2520	2538	2883	2909	3199	3499	3681	6774	7751	7890	8088	10252	10729	11727
641	670	673
899	2890
2620
670
3559
1726
670
1003
3511
2885
1328
925
482
2946	3690
1035
3426
2883
150	1652	2885
6515
240	3142	6291
1726	1733
1767	1774	1775
32
2462
2495
2523	4453	4721	6198	6201	6202	8589	10783	11238	11690	13196
873
1598	2462
153	544	561	993	1003	1005	1006	1007	1011	1838	1841	1913	1974	2518	2883	2884	2885	3499	3500	4171	8650	8663	9903	10765	11713
60
3426
471	1639	1920	2450	3200	4356	4558	7368	7669	13150
670
80
42
2371	2460	4102
3648
13287
981
1774
2618	2625
12737
482
2450
7641
1686
925
3207
1147
1586
4242
707
1081
25	1201	1833
1090
80
2879
8663
2885
3559
2153
89
89
4102
2008
3426
3207
944
3399
1519
6605
174	175	176	177	1850	3841	4301	4548	6515
174	175	176
2008
1547
981
2884	2885
2897
3511
2875
4102
1565	6228
925
4102
3401
984	2462
3200
217	236	275	792	887	925	996	1091	1652	1743	2440	2614	2884	3124	3200	3252	3499	3500	3511	3681	4523	4524	4525	4967	6291	7771	7988	10941	11648	13107	13125	13310
1737
533
1090
10517
301	1049	3207	3426	3427	3428	3434	4137	12737
32
3428
1630
134	198	396	482	648	919	1060	1132	1426	1686	1767	1777	1875	1905	2925	3318	3570	3786	3924	4052	4468	4526	4744	5435	5727	6200	6502	7818	9980	13033
13287
3559
13287
1356	3207	3426
2008
250	2883	2884	2885
24	25	37	1035	1093	1094	1101	1147	1416	1572	1591	1765	2498	2499	2878	2883	3285	4466	4591	5362	7749	8552	9503
797
13240
3681	4319
1972
3511
3690
2167
1356	3207	3426
3426
2462
4329	4330
11852
4330
924
3075
640
3690
13230
2462
2510
1991
7669
2520
13240
873
1252
3544
6774
2620
3426
11204
125
4102
3559
60
482
3261
1219
1035
80	1975
438	10195
13240
1726
3426
406	1091	1147	2883	3285	3905	5269	8663	9032	9135	9980
3559
3426
1144
2300	4190
482
445	2223	3097	5443	5444
3049
4102
482
2884	4403
125
1720
176
3612
13240
32
3559
3558
3487
482
797	1971	4052
4102
2885
4102
670
1275	4170
1765	1772
3511
1771	13287
4310	6418	8022
1006	8650
1726
176
2520
3690
4591
980
1630
7680
2885
482
852
3426
1448	3300
7
5443
1630	2384	3156	6935	9032
4150
1876	3073
1090
3559
32
670
131	2441	2518	2741	2884	3177	6110	6705	8650
2624
2618
60
2108
3426
3367	3369	3426
162
1306
13287
430	2890
1044	3681
3356	4051
3559
537
482	2518
2376
41
3559
3308
559
3648
6605
1349	1547	2577	4076
648	965	1132	1767	3511	4102	5116	6306	6553	11715
2518
2223	2225	3212	3641	4099	5444	8022
4514	8559
2518
985
1766
1184
2495
24
3426
1147	8903
2441
1733
641	670	673
184
42	198	311	346	715	763	1050	1548	1636	1762	1766	1803	1879	1909	1997	2003	2008	2009	2223	2291	2300	2311	2312	2510	2731	2740	2875	3091	3137	3250	3504	3659	3690	3691	4115	4155	4223	4414	4422	4514	4543	4744	5011	5314	5441	5502	6151	6613	7259	8559	8814	9135	10517	13198	13240
1349	1805	7641	7770	8559	12945
174	175
873
297
3426
1762
3690
3690	3693
2883	2884
4547
2108
2108
985
2462
502
80	150	406	923	1060	1061	1075	1090	1416	1519	1909	1987	1988	2045	2543	2548	2682	2883	3285	4089	4747	5055	6174	6931	7299	8272	10370	13118
1280
3612
3200
3207
3500
7233
3559
1091
3511
191
2450
11914
2462
670
2875
3426
175
641	670	672	673	674	675	676	677	1234	3559
924	2549
1547	1598
2008
228
4379
89
11878
3690
2984
1091
4102
482
80
1035
3356
5107
7233
2878	4468
2150
1556
2897
4320
1147
3426
559
3511
80	81
3426
2440
3199
4466
371
60
5107
6139	11800
41
1686
670
3199
980
2549
4102
7909
482
3426
482
1774	3081	5063
482
3005
1630	1767
4330
3073	3075
17	3426	7452
2897
2510
1833
3001
42
1988
1448
2620
3399
1094
4102
1639	3199
3305
2620
3428
1092
985
1971	3426
1280
3177
3559
1144
648	986	3511	12299
670
8559
293
13240
3499
3511
371
3013
482	648	2577
1302
2549	6522
2621
20	80	410	508	947	971	1105	1181	1594	2008	2178	2462	2495	2867	2885	3135	3199	3347	3367	3427	3511	3558	3605	3690	3877	4893	5055	6705	6716	7475	8181	8663	8764	13184
1598	2190	6716	8903	12945
1775
3188
5107
944
1090
2440
482
1252
80
13150
1774
2883	2885
5314
3218
2883
4102
3511
4414
353	707	2520	3644	3875	3877	4025
89
3049
3690
4526
3207
438
3648
670
9980
32	1053	1565	7751	7890
1327
2897
3558
1862
2008
3499
3499
162	1051	4548	10458	11914
1252
1100	2009	3092	4414
1726
1100	3092	13230
537
3690
6110
988
125
175
3097	3177	3382
22
3207
3499
3200
4591
4330
4519
3690
1035	5498	6114	7452
1005	1921	2354	3007	3349	3681	7305	7773
4468
670
1327
1091
1636	9264
3073
2008
32	267	286	371	797	1598	1775	1987	3562	3897	5652	7554
273
371
4102
8764
3559
988
4591
482
13240
393	1356	1364	1365
4519
3073	3075
42
2955
1328
1862
3356
1356	1971	3207	3426
3500
1765
3207	3426
482
16
2520
2620	2624	2628	6515	6673
2897
8663
1090	3539	4089
1830
1252
985
2883
13279
2499
6553
2008
508	3690	6605	13287
4102
42
250	482	974
1913
311	346	2173	3137	5011
2885
2885
4312
11852
12737
1252	1253
969
1737	3813
2202
8650
191	1426
1686
2377	2378
4381
908	10056
2152	2153
482
5948
2884
2495
3212
2108
7909
191	1425	1426	1868	5911
3134
2885	4354	4600	6839
36
32	41	371	456	457	628	931	970	988	1144	1253	1362	1402	1432	1619	1733	2069	2077	2092	2376	2450	2520	2909	3207	3428	3437	3875	3877	4288	4322	7475	7890	8088	13090
2462
3648
175
2885
482
978	3426	3427
508	8650
5010
925
191	1426	5911
3511
4171
988
1090
74
189
2311
1726
3511
482
2371
4514
670
3426
993
89
1448
3559
641	670	673	1762
797	983
2498
2885
1328
32
763
2373
3559
4276
2518
2008
3559
297
873
3207
80
6931
2875
1037
80
36
370
2897
80	244	1132	1775	2225	2759	3007	4314	5314	7855	8434
3681
4102
482
123	563	2955	3559
3511
482
1094
2520
1448
3367
10195
670
80
4466
3426
6605
3428
3200
80
32
1201
244
3426
980	984
1726
1630	1767	1774	1775
3206
1356
244	255	1636	1975	3121	3570	3607	3680	8903	11878
2618
996	1334	3866	3867	3868	3869	4523	4524	4525	7771	7988	13107	13125	13310
3511
2546
712	1091	2499	2842	3681	6631	7889
2462
3073	3075
3020
42
1726
13150
9904
12515
1035
3207
1443
1400
184	431
482
9	83	482	508	544	759	923	1029	1053	1061	1091	1252	1328	1383	1639	1726	1830	2190	2291	2301	2377	2441	2462	2624	2682	2883	2885	3003	3008	3010	3049	3199	3212	3428	3511	3690	3691	4052	4195	4443	4470	4554	4945	5055	7818	9523	11143	11843	11878	11914	12179	13287
2984
670
1771
2462
3559
250
482
3511
6049
1302
38	8881
3426
319	321	322	1848	3177	3179	5442	7665
969
60
2883	2885
924
2618
792	3252	3681
985
9
174
3426
985
3426
8650
371
371
2878
2008
1745
4547
2897
2955
2462
3426
3301
3075
150	177	228	396	471	875	924	2221	2544	2593	3690	3692	4102	4514	5063	5375	5911	6418	6716	7818	9904	9951
4089
521
2108
1091
2376
3511
3200
670
3559
8481	9406
1675
3426
12515
2499
11135
3426
80
244	246	249	252	264	267	652	1219	1243	1640	1645	1652	1764	1975	2875	3570	3579	3596	3599	3607	3680	4318	4319	4455	4734	5134	5498	7638	8239	8577	10437	11878	12596	13116
873
2623
2682
6605	7070
3426	3427
147	148	13287
6322
2311
5052
3426
2518
925	3392
1775
406
701	1374
36
8595
1547	1805	12945
1972
406
740
2875
785	6064
11135
3428
482
8663
3378
1909
3648
140
3648
1443
32	371
3426
1094
482
42	346	715	1037	1244	1298	1548	1762	1766	1879	2077	2223	2371	3124	3177	3399	3587	3803	4115	4393	4422	4543	6613	8814	12737	13240
948	2384
3139
83	508	1383	1830	2209	2885	2963	3003	4330	5116
2884	3013	3039	4320
1767	1975	2885	3849	4519	7259
3003
2624
670
1425
3426	3427
1771	1775
2618
176	4168
11878
3013	3498	4250
3426
2520	13090
3426
4312
4052
60
3426
4172
3426
139	513	1777	1909	2384	2664	3309	4857	8814	13287
80
3681
987
175
1229
1081
4526
12737
559
293	355	859	860	862	863	864	866	867	868	1884	2678	2679	3575	3576	3690	3794	4818	5508	13312	13313
12945
5199
3075
3426
1327
2390
7890
3787
2373
7680
4056
4312
2162
391	1144
1400	1686	3121	3124
4102
2008
482	483
707
3132	3137	13287
508	4381	4384
3690
8434
670
1769
715	2473	3097	3177	3367	3386	3558	3559	3644	3681	3813	5485
985
3511
6453
250	3073	3082	3159	3177	3367	4468	5109	5444
2583
2884	2885
6328
2875
4567
3704
2875
3559
482
3193
781	3199	3500
32
3499
1361
2885
134
36
3426
2376
2153	3559	11878
1327	1328
1327	1328
1327
1144
1144
980
7438
1091
250
2008
1362
1356
1362
1908
1154	1726	1727	2022
482
482
3732
944	10972	13370
1362
670
4575
212
32
32
32
32
175
1737
7438
42
2614
925
3805
1414
7438
311
7890
3559
3559
3559
3559
250
1987	2614	5058
521
3426	10140
1923
3866
2376
1639
583
670
1003
1001
670
1365
1060	1211
3318
2089
2499
4374
1503
1184
2092	13206
3301
4391
2706	5555
1356
12946
1772
3367	3369	13239
240
1414	5555
3177
1038	2230	2231	2232	4467
12737
12737
12737
1356
875
2202
147
11715
3318
4102
4523
2450	3500
945	3748	4102
1503
2897
2897
2897
1362
2625
2625
2625
482
10140
1362
7740
3179
5011
1356
1356
42
42
5011
2376
134
42
1356	1498	2998	3200	3777	7233
3142
173
3426
3426
3426
3426
1003
707	3866
4547
925
1726
996	4523	4524	4525	6596	7771	7988	13107	13125	13310
3511
3300
1913
3732
3499
3965	3966
508
3967
801
3965	3967
496
240
3965
508	5239	5240	5241
1154	2022
740	743
3994
2523
97	98
16	2300
1144
3143
5264
3070
4130	4133	4203
3965	3967
1356
3818
3610	3611
94
209	4391	4392
5241
333	393	2104	3766
11901
3070	3072	3073	3074	3075
1153	1154	1155	1156	1157	2017
4391
91	92	93	1154	2022	2024	2027	2259
94	2022	2024	3965	3967
819
183	389
10196
91	92	93	94	95	96	97	98	99	3013
5063
1211	1212
2968	2969	2971
1495
1154	1155	2022	2028
1144
1909
91	92	93	94	95	96
1356
6775
1668
3965	3967
3965	3966	3967
740	741	743	744	745
93	3994
93	3965
743
240
93	94
490	491	494	496	498	9358
3994
1533	1534	3820	3822
4203
3499	3500
490	3072
3143	5539
885
5924
1743
3499	3500
4725
2441
3511
5555
3178	3179
1328	5058
1329
4190
875
3174	3179
6673
1356
3426
1356
3072	3075
67	69	1651
568	670
1356	3426
1909
10140
10140
1356	3426
2441
728
1356	3426
1356	3207
3207
3207
3207
1356	3426
1356
1356
533
5055
1356
1356
3184
1356
1356
240
1327	6291
1328	5058
728
3392
1356
2884
1144
925	4102
4102
1330	4823
3511
670
482
3401
1370
2569
3223
1327	6291
3648
3433
1330
3327	3329	3338
3301	5058
3073
1356
2462
1913
2884
2441
3426
1356
1365
875
3426
873
2371
3301
1327	1328	5058
1485
1356
7356
5555
3097
3399
1356
1328
2285
1144
925
3794
1356
4202
568	670
6673
1356
568	670
1252
1483	1484
482
2008
2008
2008
3367	3369
2008
10140
3223
2008
3648
2008
2620
2202
1330
1923
670
3367
8663
3940
3940
3940
670
2495
3559
2450
3522
4517
925
1987
1144
1144
2569
1356
2569
433
433
2885
2884
2884
3794
1356
4575
2884
2884
1328	5058
3392	3399
2884
2625
1762
1144
1356
1987
7356
3398
1144
1366
1366
670
728
2624
1356
150
2884
150
3612
1328
3097
728
1328
728
728
240
359	2003
3401
482
1987
482
3075
3301
670
1987
1762
3648
8663
5518
150
2311
670
3559
1144
3522
5259
3300
1366
1144
3179
1366
728
3207
1366
728
4202
3774	4519	5058	5199	5985	6291
1144
4519
1356
1327	6291
1327	6291
1356	3426
7356
1356	3426
1144
150
2441
1356	3426
89
2441
2008
3401
2441
2441
1356
1923
3367	3369
377
7356
3301
8744
3648
4517
2621
1328	5058
1356
4202
3207
3367
1038
568	670
3522
1356
3207
3511
1356	3426
3097
1356
3511
1144
875
568	670
925
150
1090
1090
1090
1356
1090
4202
2371
4202
3356
1762
1328	5058
3177
4312
1144
2077
875
728
4190
980
2231
2231
670
568	670
1356
2450
928
514
1199
3301
84
3648
7356
6931
670
2826
1144
875
2285
3223	4155
150
4202
1356
1144
4190
1327	6291
2441
3511
1328	5058
928
568	670
3367	3369
5010
7356
1360	1362
3301
3301
670
1356	1365
1366
728
1144
3299	5058
1483	1484
3399
3396	5576
980
670
5555
980
980
980
4575
1483	1484	3136
728
3426
1328	5058
980
89	5966
4202
5441
3367
1328	5058
2441
1144
1038	3177
728
2885	3648
7356
2621
1360	1362
3504
1300
1300
1300
1300
1300
1300
1300
1300
4575
2441
2441
2441
1365
3511
3392
4575
4155
4312
3396
875
1400
1144
3396	5576
2285
3396	5576
1356	1365
1356	1365
1356
84
7356
7356
2621
240
1474
3511
2441
3612
3511
2371
3511
1366
3097
3301
7356
2884
925
6605
1987
728
1400
6605
728
3558
1987
2008
2884
2008
728
1400
6605
6605
2008
2008
2285
1144
2092
89
2285
2285
3179	4102
728
2878
2154	5411
1913
7874
7356
7356
333	13279
244	5444
9406
873
1356
4391
1144
1577
1577
4155
4155
4155
482
673	5195
1356
3426
2569
7890
2864	3718	3719	3722	3732	5486	8232	12125	12788	12808	13227	13251	13322
2092	7890	13206
1356	1362
6605
674
978
1324
978
319	321	322
1094
1020	1768	1769	1988	4105	5055
13287
2884	2885
2884
2618
1765
319	321	322
3558
3558
2620
3299	3301
1356
996	4523	4524	4525	6596	7771	7988	13107	13125	13310
3090
2884
5441
5555
1144
7356
13206
2300
240
240
240
240
4329	4330
1837	1838
1837	1838
5441
670	5441
1252
8411
4520
433	925
1356
7890	13206
2897
1091
1037
2624
4105
8181
7326
150
999
240
1726
3097
3097
3367
925
3504
1356
852
1144
482
10517
10517
10517
568	670
2077
3449	3450	3451	3452	3453	3454	3455	3456	3457	3458	3459	3460	3461	3462
482
986
3261
3511
1144
873
1330
2202
945
945
3426
670
11398
2008
3038
150
670
2008
3179
670
873	9955
1356
3301
2499
2499
2285
1356
7356
988
1356
1356
3504
3177
1436
1356
2285
670
4547	5058
670
568	670
568	670
7356
2285
568	670
568	670
670
981
98
369
4155
946
1356
1356
1356
1050
32
2616	2624
3773	4105	5058	5923
3455
1091
1091
568	670
985
5052
1327
7356
4721	6198	10803	11238	12925
482
4468
206
206
3367	3369
132	1762
132	1762
9406
988
988
985
985
2008	2009
670
482
1726
2008
1234
311
1365
670
925
1188	12840
1001
670
7855
7855
7855
7855
1001
670
1987
1001
670
1001
1987
3207
3207
521
3195
1365
1365
482
996	4525	7988	13125	13310
1305
1327	1328
1356
2498
7909
7909
7909
1837	1838
1091
728
728
3511
8411
728
728
728
6033
3199
1356
1356
1356
1234	4102
18	512	787	945	5766
1356
1144
978
1007
7890
3301
512	1762
5967
1327	6291
797
371
2624
3206
670
670
670
568	670
10437
3300
3195
533
3195
10972
5055
32
1328	9873
1024
1327	6291
1327	6291
482
60
1327	6291
2620
1765
12737
13206
240
1356	2593
3511
11398
3301
3299	3300	3301	5058
3075	6506
482
4729	5441
3511
670
531
7356
7356
7356
7356
7356
1910
1356
482
531
6605
978
670
670
736	1483	1484	1655	1663	2321	3065	3575	3576
1485
670
32
1328
4517
670
996	4523	4524	4525	6596	7771	7988	13107	13125	13310
7890
513	3061
1060	1061
240
1483	1484	2321
2620
4105
7890
996	4523	4524	4525	6596	7771	7988	13107	13125	13310
1144
1414	1483	1484	2321	3575	3576	5555
60
13206
60
60
89
3392
3223
670
670
3559
3559
3392
674
1356
482
1365
4155
12737
1365
3559
1356
925
133	1762
7890
707	3010	4750
32
2625
1365
925
1144
16
925
925
925
925
3199
3905
5518
988
1436
1414	1483	1484	3136	3575	3576	5555
3301
1365
1365
3396
32
1365
1365
1775
1144
568	670
515	5766	8580
3367	3369
3367	3369
3367	3369
3367	3369
3367	3369
133	1762	3367	3369
3367	3369
12515
3301	3773	6291
1987
22
1365
5555
7356
1365
3367	3369	13239
2008	2009
988
5773
7890
13206
7890
1366
2593
670
13206
1483	1484
1356
978
2620
7070
7070
7070
2620
3392
8663
3128
7890	13206
9911
5107
531
7855
2498
2624
2624
2624
2616
3774	5985
37
1060
1327	6291
1327	1328
1356
670
371
925
925
925
1356
1356
133	1762	3367	3369
482
3559
563	3940
3069	3071	3075	3078	3080	3081	5063
1252
1252
1252
728
4202
985
4102
985
3558
2569
1295
1365
1365
1091
1091
1091
1091
1035
11398
3499
670
3499
3499
3426
2618
2618
2618
1327
7356
7356
3367	3369	10972
3367	3369
3367	3369
1234
150
150
3511
3511
10972
3399
1091
1252
1091
9665
3399
3399
3399
2883	2885
2883	2885
1327	1328
3399
3177
3399
1144
3399
3399
2620
2618
2618
2311
2311
240
2311
3431
508	515
2441
2285
16
1144
2009
482
1327	6291
1327	6291
852
1144
4102
4102
4102
2371
2371
2371
5967
3175	3179	3180	3223
123
1356
1356
3773	5985
925
4155
670	4155
2231
925
3367	3369
3207
133	1762	3367	3369
1837	1838
3300
2569
42	9795
2499
482
150
4330
240
240
240
925
925
925
670
925
925
925
150
3648
2569
3367	3369
3367	3369
10803	11238	12925
1577
978
3301
670
670
670
670
670
3401
670
670
670
670
670
670
670
670
670
670
670
1365
3511
3367	3369
3367	3369
3367	3369
3559
1356
2009
482
482
482
4391
3367	3369	5572	13239
162
1144
482
3177
32
6011	9406
1091
2619
1091
1365
1365
3774	5985	6291
2499
568	670
1630
1483	3136
568	670
2230	2231	2232	4467
3426
5194
1356
2878
2878
3905
4102
2008
988
2008
2311
371
371
482
12515
3401
1577
533
2884
695	13342
568	670
568	670
5058	5924
4283
792	3252
707
2878
533
3177
16	244	249	508	1448	1639	1795	1920	2164	3341	3345	3367	3369	3544	3638	4356	5058	6250	7368	7773
1360	1362
568	670
1090
6004	6005	6006	6013	7613	13228	13281
6004	6005	6006	6013	7613	13228	13281
8411
1425
2311
147
568	670
925
1001
2311
2311
670
568	670
1091
2311
533
1356	3426
1302
1302
1302
1302
1837	1838
9264
985
2618	2622	2624	5463
1987
1987
1565
568	670
985
13206
5194
5194
2009
2009
7890
7890
3072	3073	3075
3179
482
3301
1726
1726
1726
568	670
670
7855
1327	6291
2495
3559
2092
6256	8627
7094
482
996	4523	4524	4525	6596	7771	7988	13107	13125	13310
7890
2593
2593
2593
12737
16
12737
1384
3873	7773	8403	9914	10352	11877	11939
12737
2009
97
1219	5967
925
16
925
925
12737
12737
568	670
3093
32
4729	5441
12737
4190
12737
4395
4575
873
1003
1775
3511	5010
4505
978
7890
2727	6384	12106
1837	1838
1144
6506
6506
1370
6506
6506
2625
6506
6506
728
728
7890
925
3511
1327	6291
319	321	322
1370
3301	3773	6291
2616	2620
1090
2092	7890
7890
7890
7890
159	13206
482
4721	10803	12925
482
3426
1356
925
925
1365
1144
3301
2008
2864	3718	3719	3722	3732	5486	8232	12125	12788	12808	13227	13251	13322
2450
670
2008
2008
1144
1090
150
4312
996	4523	4524	4525	6596	7771	7988	13107	13125	13310
9636
240
4102
568	670
2009	4414
2009	4414
2441
12737
12737
2620
1365
4468
4468
2499
2616
3299	3301	5058
1400
1837	1838
1365
1365
2619
2625
2616
156
2619
1365
533
533
533
3559
3559
1144
2618
2092
2173	2189	3392
3449	3450	3451	3452	3453	3454	3455	3456	3457	3458	3459	3460	3461	3462
2499
1775
2285
1448
925	3392
925
984
568	670
5555
1144
670
670
670
670
670
670
670
670
670
7890
1356
2092
3511
433
3399
2008
97	2376
3301
2625
7890	13206
4102
978
978
3367	3369
3367	3369
568	670
2611
2615
1436
16
2569
1144
8245
3511
3511
985
1327	6291
3690
53	1448
2624
3773	6291
1075
1075
1005
3091
3091
3091
988
5773
1252
32
5010
2092
11398
1356
98
319	321	322
1837	1838
6605
1252
1252
1090
2618
482
13206
4393
895
371
482
12737
3690
